Size of the window



----------------------------------------------------------------------
Evolution


600  22776   45552  601101
500  22782   45564  601260
400  22790   45580  601476
300  22801   45602  601770
200  22823   45646  602364
100  22873   45746  603694
 50  22960   45920  606009
 40  23015   46030  607496
 30  23095   46190  609642
 20  23283   46566  614635
 10  23949   47898  632141


-------

Mozilla

600  157892  315784 6173058
500  157996  315992 6177085
400  158249  316498 6186809
300  158636  317272 6201839
200  159470  318940 6234304
100  161765  323530 6323813
 50  165544  331088 6472351
 40  167221  334442 6538302
 30  169658  339316 6634066
 20  173499  346998 6785164
 10  180707  361414 7067424

----------------------------------------------------------------------
Postgresl

600   17453   34906  465647
500   17460   34920  465832
400   17471   34942  466118
300   17479   34958  466340
200   17507   35014  467079
100   17594   35188  469397
 50   17743   35486  473417
 40   17803   35606  475049
 30   17922   35844  478298
 20   18170   36340  485147
 10   19115   38230  511285

