<?xml version="1.0" encoding="UTF-8" standalone="no"?>
<!-- Created with Inkscape (http://www.inkscape.org/) -->

<svg
   xmlns:dc="http://purl.org/dc/elements/1.1/"
   xmlns:cc="http://creativecommons.org/ns#"
   xmlns:rdf="http://www.w3.org/1999/02/22-rdf-syntax-ns#"
   xmlns:svg="http://www.w3.org/2000/svg"
   xmlns="http://www.w3.org/2000/svg"
   xmlns:sodipodi="http://sodipodi.sourceforge.net/DTD/sodipodi-0.dtd"
   xmlns:inkscape="http://www.inkscape.org/namespaces/inkscape"
   id="svg2"
   version="1.1"
   inkscape:version="0.48.2 r9819"
   width="1500"
   height="500"
   sodipodi:docname="ninja-alone-bw">
  <metadata
     id="metadata8">
    <rdf:RDF>
      <cc:Work
         rdf:about="">
        <dc:format>image/svg+xml</dc:format>
        <dc:type
           rdf:resource="http://purl.org/dc/dcmitype/StillImage" />
        <dc:title></dc:title>
      </cc:Work>
    </rdf:RDF>
  </metadata>
  <defs
     id="defs6" />
  <sodipodi:namedview
     pagecolor="#ffffff"
     bordercolor="#666666"
     borderopacity="1"
     objecttolerance="10"
     gridtolerance="10"
     guidetolerance="10"
     inkscape:pageopacity="0"
     inkscape:pageshadow="2"
     inkscape:window-width="1278"
     inkscape:window-height="725"
     id="namedview4"
     showgrid="false"
     inkscape:zoom="0.77880642"
     inkscape:cx="286"
     inkscape:cy="304.67827"
     inkscape:window-x="-1"
     inkscape:window-y="29"
     inkscape:window-maximized="1"
     inkscape:current-layer="svg2"
     height="1000px" />
  <path
     style="fill:#000000"
     d="m 143.9597,316.01283 c 0,-0.50353 -1.55057,-0.66388 -3.44571,-0.35634 -5.09395,0.82664 -8.3298,-0.35011 -10.0361,-3.64973 -2.08508,-4.0321 -2.04448,-4.1869 2.53763,-9.67629 4.4822,-5.36969 9.14864,-14.48479 9.39876,-18.35888 0.39685,-6.14707 -0.85855,-8.37442 -6.49255,-11.51916 l -5.46203,-3.04876 -0.77279,-7.96604 c -0.42504,-4.38132 -1.65086,-10.66604 -2.72405,-13.96604 -1.48414,-4.56364 -1.7415,-6.90566 -1.07504,-9.78315 0.48191,-2.08074 0.6395,-6.39367 0.35018,-9.5843 -0.29066,-3.20544 -0.0611,-6.66988 0.51304,-7.74267 0.67419,-1.25973 0.70284,-2.54235 0.0816,-3.65245 -1.12702,-2.01389 0.0718,-4.68492 4.27372,-9.52223 1.56934,-1.80663 2.85371,-4.05663 2.85414,-5 4.3e-4,-0.94336 1.36112,-4.5907 3.02374,-8.1052 1.66263,-3.51449 3.16405,-7.67877 3.33649,-9.25394 0.17244,-1.57517 0.61176,-3.16217 0.97626,-3.52667 0.36449,-0.3645 0.65054,-1.60022 0.63566,-2.74606 -0.0221,-1.702 -0.80082,-1.2139 -4.25444,2.66667 -2.32506,2.6125 -4.5429,4.75 -4.92853,4.75 -0.38564,0 -2.35893,1.125 -4.38511,2.5 -2.02617,1.375 -4.3581,2.5 -5.18206,2.5 -0.82396,0 -3.79867,1.89571 -6.61046,4.21268 -3.78926,3.12243 -6.06001,6.16335 -8.77412,11.75 -5.53475,11.39261 -5.6146,12.72658 -1.12806,18.84412 2.34925,3.20327 4.99161,5.57093 6.95141,6.22874 1.73887,0.58366 3.43722,1.77951 3.77411,2.65745 0.81763,2.13071 -2.31314,5.48068 -4.4795,4.7931 -1.14629,-0.36382 -1.88228,0.12332 -2.23728,1.48082 -0.29096,1.11265 -1.35924,2.34096 -2.37396,2.72959 -1.01472,0.38862 -3.30966,1.69979 -5.09988,2.9137 -3.09556,2.09903 -3.536239,2.13987 -8.999999,0.83407 -8.44227,-2.01764 -9.20539,-1.89261 -9.90861,1.62346 -0.81101,4.05508 -3.4236,5.59783 -11.71361,6.91696 -10.78442,1.71605 -9.55104,-0.55298 1.64929,-3.03417 6.21219,-1.37617 7.22735,-2.7047 6.55595,-8.57969 -0.28781,-2.51844 -0.69632,-2.84006 -3.32808,-2.62016 -29.21912,2.44145 -56.462974,4.21868 -62.885759,4.10231 -8.1041284,-0.14684 -8.1073914,-0.14798 -2.614256,-0.91369 3.025,-0.42167 6.625,-1.04428 8,-1.38359 1.375,-0.33931 15.052361,-1.91904 30.394145,-3.51051 19.455,-2.01816 28.14843,-3.2947 28.73468,-4.21939 0.46231,-0.72919 0.84745,-2.97107 0.85587,-4.98196 0.0152,-3.63169 -0.0181,-3.66077 -4.98357,-4.34369 -7.29849,-1.00379 -7.15546,-2.50015 0.23897,-2.50015 l 6.35813,0 1.36706,-3.75 c 1.40197,-3.84577 5.5091,-19.60664 6.97078,-26.75 0.45017,-2.2 1.52527,-6.88307 2.38911,-10.40682 1.38315,-5.6421 1.3978,-6.82044 0.12273,-9.87212 -2.03164,-4.86239 -1.8363,-5.96885 1.34407,-7.61348 2.70353,-1.39805 4.64295,-2.78234 23.515829,-16.78478 4.84429,-3.59414 13.39429,-9.14282 19,-12.33038 5.60571,-3.18756 13.00251,-7.7903 16.43734,-10.2283 6.19061,-4.39403 6.32593,-4.43505 15.5,-4.69834 15.23259,-0.43715 30.08465,-1.66483 32.88278,-2.71809 2.17026,-0.81693 2.71636,-1.77381 3.13573,-5.49445 0.53817,-4.77464 4.22791,-9.77327 8.41693,-11.40274 1.23832,-0.48168 3.09799,-2.92287 4.30362,-5.64935 4.63852,-10.48983 10.9561,-14.30115 23.70531,-14.30115 8.21296,0 9.06521,0.20201 13.43619,3.18474 2.56685,1.75161 5.7608,4.87164 7.09768,6.93341 2.72164,4.1974 5.47297,16.70419 4.29821,19.53854 -0.4202,1.01382 -0.67893,4.16039 -0.57497,6.99237 0.10834,2.95106 -0.29363,5.44737 -0.94166,5.84788 -0.62188,0.38434 -3.33678,4.14226 -6.0331,8.35093 -6.30139,9.83579 -6.56762,10.12128 -10.09649,10.82706 -4.50043,0.90008 -3.18402,3.31837 3.12463,5.74009 3.025,1.16121 6.625,2.73368 8,3.49438 4.43194,2.45192 11.58438,8.88336 14.40388,12.9519 3.99781,5.76884 13.8048,13.08876 19.89242,14.84766 2.86203,0.82693 8.1287,1.93 11.7037,2.45125 3.575,0.52126 7.88195,1.37345 9.571,1.89376 1.68905,0.52032 5.06405,0.93712 7.5,0.92623 7.62554,-0.0341 28.3508,-2.80763 33.14644,-4.43579 2.52236,-0.85636 5.28348,-1.28942 6.13581,-0.96235 1.26376,0.48495 1.45543,-0.0213 1.03883,-2.74369 -0.45133,-2.94931 0.13704,-4.07419 5.04853,-9.65213 6.53119,-7.41742 7.66285,-5.65398 1.55939,2.42998 -2.2,2.91388 -4,5.91383 -4,6.66656 0,3.10149 7.13715,7.39566 8.16667,4.91359 0.18333,-0.442 4.50251,-4.52581 9.59817,-9.07514 5.09567,-4.54933 20.34533,-18.81269 33.88815,-31.69637 13.54282,-12.88367 25.01114,-23.42486 25.48516,-23.42486 0.47402,0 0.86185,0.39483 0.86185,0.87739 0,0.72379 -23.74594,24.01708 -61.25,60.08245 -7.66856,7.37438 -8.35308,9.76248 -3.73988,13.04737 l 3.01013,2.1434 3.73987,-2.25979 c 2.05694,-1.24289 4.81307,-3.07678 6.12474,-4.07531 1.31167,-0.99853 3.02654,-1.81551 3.81082,-1.81551 1.73312,0 -6.66633,7.41634 -10.84926,9.57942 -2.69299,1.3926 -3.23665,1.39491 -5.33091,0.0227 -2.04347,-1.33893 -2.48236,-1.34699 -3.54625,-0.0651 -0.66778,0.80463 -1.82061,1.46296 -2.56185,1.46296 -0.74123,0 -2.36214,1.76265 -3.60203,3.91699 -3.22416,5.60211 -6.87017,7.54676 -11.36691,6.0627 -2.70967,-0.89427 -3.85095,-0.88225 -4.97717,0.0524 -0.80372,0.66702 -1.48982,0.82017 -1.52469,0.34032 -0.0349,-0.47984 -0.48936,0.19143 -1.01,1.4917 -0.78288,1.95525 -1.20432,2.15027 -2.43661,1.12756 -1.68648,-1.3996 -2.00466,-3.99165 -0.49,-3.99165 1.70608,0 1.10003,-1.8761 -0.96265,-2.98001 -1.50375,-0.80478 -6.00409,-0.0896 -19.24747,3.05875 -9.50665,2.26001 -17.5743,4.28802 -17.9281,4.50669 -0.3538,0.21866 -1.86611,2.76389 -3.36068,5.65607 -1.49457,2.89217 -3.62883,6.25148 -4.7428,7.46512 -1.91037,2.08128 -2.19453,2.11916 -5.00289,0.6669 -2.31885,-1.19913 -2.88485,-1.24483 -2.55873,-0.20662 0.23032,0.73321 2.57388,2.4581 5.20793,3.8331 2.63404,1.375 5.38517,3.64252 6.11362,5.03892 0.72845,1.39641 2.37235,3.02182 3.65311,3.61202 1.28076,0.59019 5.15501,2.34954 8.60945,3.90965 3.96246,1.78956 6.10013,3.30735 5.79136,4.11199 -0.28025,0.73032 1.73667,2.81039 4.71921,4.86696 5.94279,4.09776 9.67951,6.83843 19.203,14.08429 10.72616,8.1609 43.54627,23.55442 53.00564,24.86107 9.24788,1.27745 15.25316,7.58721 8.5397,8.9727 -6.57621,1.35716 -23.38593,2.14974 -31.0397,1.46352 -11.51969,-1.03282 -20.34346,-0.99188 -17,0.0789 2.15955,0.69161 2.22764,0.83159 0.5,1.02794 -1.1,0.12502 -3.125,0.38066 -4.5,0.56808 -1.375,0.18743 -3.90625,0.12016 -5.625,-0.14948 -2.47255,-0.38791 -3.15545,-1.00766 -3.27083,-2.9684 -0.0802,-1.36298 -0.21146,-3.17188 -0.29167,-4.01977 -0.14888,-1.57384 -8.03449,-7.45839 -9.9946,-7.45839 -0.59501,0 -2.59745,-0.9367 -4.44987,-2.08156 -1.85241,-1.14486 -3.36803,-1.75011 -3.36803,-1.34501 0,0.4051 -0.7875,0.0366 -1.75,-0.81886 -3.32156,-2.9522 -9.68343,-4.89594 -15.91604,-4.8628 -4.93747,0.0263 -6.88898,-0.45782 -9.79441,-2.42949 -1.9956,-1.35425 -4.10999,-2.46228 -4.69863,-2.46228 -0.58865,0 -3.15616,-1.13071 -5.70559,-2.5127 -7.42086,-4.02266 -14.94196,-4.51885 -25.63533,-1.69124 -7.88191,2.08418 -11.02779,2.36181 -25.32254,2.23477 l -16.32253,-0.14507 0.32253,2.2308 c 0.29594,2.04683 -0.29599,2.33682 -7.17746,3.51637 -4.125,0.70706 -12,1.56326 -17.5,1.90268 -5.5,0.33941 -11.8,0.7308 -14,0.86976 -2.2,0.13895 -8.275,-0.25017 -13.5,-0.86471 l -9.5,-1.11736 0.25878,7.53835 c 0.14233,4.14609 0.53103,9.0017 0.86378,10.79023 0.38631,2.07646 0.0789,4.06449 -0.8506,5.5 -0.80057,1.23647 -1.76322,3.49707 -2.13921,5.02356 -0.37599,1.52649 -1.45968,3.62112 -2.40819,4.65473 -0.94851,1.03362 -2.45745,2.94692 -3.35321,4.2518 -1.27083,1.85125 -2.64398,2.41669 -6.25,2.57363 -2.54174,0.11062 -4.62135,-0.21084 -4.62135,-0.71436 z m 88.49963,-97.5586 c 8.78896,-1.86165 12.96295,-1.8772 14.78507,-0.0551 1.1752,1.17519 4.5025,1.32202 18.82143,0.83057 l 17.39387,-0.597 -5.38239,-2.36909 c -10.55821,-4.64727 -28.98073,-10.25545 -34.29534,-10.44019 -9.11088,-0.3167 -15.51516,1.0305 -17.21238,3.62078 -0.82927,1.26562 -3.10292,3.28699 -5.05256,4.49194 -2.85322,1.76339 -3.29867,2.43694 -2.28321,3.45241 2.83063,2.83063 4.32462,2.95101 13.22551,1.06566 z m 22.59716,-107.53772 c -0.18146,-0.5192 -1.32213,-1.6881 -2.25228,-1.72415 -2.6625,-0.1032 -4.40576,0.25319 0.25228,1.72415 3.33178,1.05215 2.4526,1.29502 2,0 z"
     id="path2987"
     inkscape:connector-curvature="0"
     sodipodi:nodetypes="sssssscssssssssssssssssssssssssssssssssssssssscssssssssssssssssssssssssssssssssssssssssscsssssssssscscssscsssssssssssssssssssssssssssssscssssscsscssssscsscsssssccssss" />
</svg>
