./http_core.c                           	     2	   500	   668	   718   228    57   237     5   8243   8483
./http_core.c                           	     2	   500	   689	   739   231    37   242     5   8336   8607
./http_core.c                           	     2	   230	  1064	  1115   309    12   318     1  10529  10784
./http_core.c                           	     2	   230	  1117	  1168   318    12   327     8  10795  11061
./http_core.c                           	     2	   106	  1585	  1665   445    17   463    26  14653  15085
./http_core.c                           	     2	   106	  1625	  1705   454    26   472    26  14872  15298
./http_core.c                           	     2	   226	  2998	  3079   784     8   800     8  24266  24690
./http_core.c                           	     2	   226	  3079	  3160   800     8   816     8  24690  25114
./http_core.c                           	     2	   391	  3746	  3803   939     7   948     2  28572  28782
./http_core.c                           	     2	   391	  4082	  4139   997     7  1008     2  29839  30094
./http_core.c                           	     2	   280	  4936	  5089  1181     8  1206    79  34468  35363
./http_core.c                           	     2	   232	  5027	  5089  1195    33  1206    79  35025  35363
./http_core.c                           	     2	   115	  5172	  5270  1225    25  1245    49  35781  36286
./http_core.c                           	     2	   232	  5353	  5415  1259    33  1270    79  36786  37126
./http_core.c                           	     2	   115	  5518	  5616  1292    25  1311    49  37694  38188
./http_core.c                           	     2	   280	  5633	  5786  1317     8  1343    23  38302  39195
./http_core.c                           	     2	   232	  5724	  5786  1331    33  1343    23  38854  39195
./http_core.c                           	     2	   428	  5957	  6059  1386    34  1405     5  40143  40529
./http_core.c                           	     2	   428	  6242	  6344  1444    38  1462     5  41252  41636
./http_core.c                           	     2	   300	  7633	  7693  1750     8  1761     8  49085  49349
./http_core.c                           	     2	   300	  7693	  7753  1761     8  1773     8  49349  49642
./http_core.c                           	     2	   300	  7839	  7899  1792     8  1803     8  50132  50411
./http_core.c                           	     2	   236	  7963	  8017  1817     8  1828     8  50740  50980
./http_core.c                           	     2	   236	  8017	  8071  1828     8  1839     8  50980  51212
./http_core.c                           	     2	   201	  8071	  8126  1839     8  1850     8  51212  51454
./http_core.c                           	     2	   319	  8173	  8237  1858     8  1870     5  51661  51998
./http_core.c                           	     2	   201	  8306	  8361  1885     8  1896     8  52320  52566
./http_core.c                           	     2	   201	  8361	  8416  1896     8  1909     8  52566  52832
./http_core.c                           	     2	   234	  8577	  8635  1942     8  1953     8  53742  53993
./http_core.c                           	     2	   235	  8577	  8818  1942     8  1987     8  53742  55074
./http_core.c                           	     2	   235	  8760	  9001  1976     8  2023     8  54820  56328
./http_core.c                           	     2	   234	  8943	  9001  2010     8  2023     8  55948  56328
./http_core.c                           	     2	   319	 10177	 10241  2246    10  2259     5  62046  62427
./http_core.c                           	     2	   290	 10611	 10806  2343     8  2382     5  64752  66071
./http_core.c                           	     2	   289	 10638	 10693  2345    43  2357     5  64867  65205
./http_core.c                           	     2	   290	 10724	 10919  2366     8  2406     5  65524  66907
./http_core.c                           	     2	   289	 10864	 10919  2393    43  2406     5  66526  66907
./http_core.c                           	     2	   396	  7162	  7229  1636     8  1648     5  46058  46394
./mod_proxy.c                           	     4	   396	  3705	  3772   812    13   823     5  25155  25466
