TOTALFILES: 6
1	./xmlrole.c	4041
2	./before.c	1106
3	./http_core.c	11986
4	./http_main.c	27300
5	./mod_proxy.c	3779
6	./after.c	1108
TOTALCLONES: 150
./xmlrole.c                             	     0	   164	    82	   137    88     5    99     3   2633   2945
./xmlrole.c                             	     0	   164	   198	   253   116     5   127     3   3240   3552
./xmlrole.c                             	     0	    47	   338	   405   152     1   170     1   3987   4338
./xmlrole.c                             	     0	    35	   530	   594   200     1   217     1   5025   5354
./xmlrole.c                             	     0	    55	   530	   658   200     1   234     1   5025   5683
./xmlrole.c                             	     0	    35	   594	   658   217     1   234     1   5354   5683
./xmlrole.c                             	     0	    24	   598	   657   217    13   231     2   5366   5674
./xmlrole.c                             	     0	    33	   658	   734   234     1   254     1   5683   6102
./xmlrole.c                             	     0	    35	   734	   798   254     1   271     1   6102   6429
./xmlrole.c                             	     0	   120	   846	   904   281     8   293     5   6656   6977
./xmlrole.c                             	     0	   121	   846	   934   281     8   299     5   6656   7140
./xmlrole.c                             	     0	   121	   876	   964   287     8   305     5   6817   7305
./xmlrole.c                             	     0	   120	   906	   964   293     8   305     5   6980   7305
./xmlrole.c                             	     0	    33	  1006	  1082   319     1   339     1   7582   7984
./xmlrole.c                             	     0	    35	  1082	  1146   339     1   356     1   7984   8304
./xmlrole.c                             	     0	    60	  1082	  1237   339     1   375     3   7984   8759
./xmlrole.c                             	     0	    71	  1146	  1323   356     1   401     1   8304   9213
./xmlrole.c                             	     0	    70	  1183	  1237   364     5   375     3   8469   8759
./xmlrole.c                             	     0	    35	  1259	  1323   383     1   401     1   8890   9213
./xmlrole.c                             	     0	    55	  1259	  1387   383     1   418     1   8890   9535
./xmlrole.c                             	     0	    35	  1323	  1387   401     1   418     1   9213   9535
./xmlrole.c                             	     0	    35	  1478	  1542   441     1   458     1  10003  10328
./xmlrole.c                             	     0	    60	  1478	  1633   441     1   477     3  10003  10783
./xmlrole.c                             	     0	    71	  1542	  1719   458     1   502     1  10328  11236
./xmlrole.c                             	     0	    70	  1579	  1633   466     5   477     3  10493  10783
./xmlrole.c                             	     0	    35	  1655	  1719   485     1   502     1  10914  11236
./xmlrole.c                             	     0	    55	  1655	  1783   485     1   519     1  10914  11560
./xmlrole.c                             	     0	    35	  1719	  1783   502     1   519     1  11236  11560
./xmlrole.c                             	     0	    35	  1783	  1847   519     1   536     1  11560  11888
./xmlrole.c                             	     0	    70	  1884	  1938   544     5   555     3  12063  12357
./xmlrole.c                             	     0	    35	  1948	  2012   560     1   577     1  12398  12734
./xmlrole.c                             	     0	    35	  2012	  2076   577     1   594     1  12734  13070
./xmlrole.c                             	     0	    47	  2152	  2219   614     1   632     1  13513  13872
./xmlrole.c                             	     0	    75	  2532	  2608   713     1   733     1  15568  15964
./xmlrole.c                             	     0	    34	  2608	  2672   733     1   751     1  15964  16284
./xmlrole.c                             	     0	    35	  2672	  2736   751     1   768     1  16284  16617
./xmlrole.c                             	     0	    24	  2676	  2735   751    13   765     2  16296  16608
./xmlrole.c                             	     0	    75	  2736	  2812   768     1   789     1  16617  17033
./xmlrole.c                             	     0	    35	  2965	  3029   826     1   843     1  17921  18254
./xmlrole.c                             	     0	    47	  3029	  3096   843     1   861     1  18254  18605
./xmlrole.c                             	     0	    47	  3444	  3511   949     1   967     1  20654  21008
./xmlrole.c                             	     0	   386	  3747	  3819  1027     5  1041     3  22388  22819
./xmlrole.c                             	     0	   386	  3772	  3844  1032     5  1046     3  22542  22974
./xmlrole.c                             	     0	    34	  3878	  3942  1057     1  1076     1  23188  23525
./before.c                              	     1	   215	     2	   511    87    13   199     8   3566   6831
./before.c                              	     1	   177	   558	   648   208     8   223     5   7081   7526
./before.c                              	     1	   141	   703	  1105   234     8   335     1   7801  10638
./before.c                              	     1	   131	   717	  1017   237     5   286     4   7872   9091
./http_core.c                           	     2	   500	   668	   718   228    57   237     5   8243   8483
./http_core.c                           	     2	   500	   689	   739   231    37   242     5   8336   8607
./http_core.c                           	     2	   230	  1064	  1115   309    12   318     1  10529  10784
./http_core.c                           	     2	   230	  1117	  1168   318    12   327     8  10795  11061
./http_core.c                           	     2	   106	  1585	  1665   445    17   463    26  14653  15085
./http_core.c                           	     2	   106	  1625	  1705   454    26   472    26  14872  15298
./http_core.c                           	     2	   226	  2998	  3079   784     8   800     8  24266  24690
./http_core.c                           	     2	   226	  3079	  3160   800     8   816     8  24690  25114
./http_core.c                           	     2	   391	  3746	  3803   939     7   948     2  28572  28782
./http_core.c                           	     2	   391	  4082	  4139   997     7  1008     2  29839  30094
./http_core.c                           	     2	   280	  4936	  5089  1181     8  1206    79  34468  35363
./http_core.c                           	     2	   232	  5027	  5089  1195    33  1206    79  35025  35363
./http_core.c                           	     2	   115	  5172	  5270  1225    25  1245    49  35781  36286
./http_core.c                           	     2	   232	  5353	  5415  1259    33  1270    79  36786  37126
./http_core.c                           	     2	   115	  5518	  5616  1292    25  1311    49  37694  38188
./http_core.c                           	     2	   280	  5633	  5786  1317     8  1343    23  38302  39195
./http_core.c                           	     2	   232	  5724	  5786  1331    33  1343    23  38854  39195
./http_core.c                           	     2	   428	  5957	  6059  1386    34  1405     5  40143  40529
./http_core.c                           	     2	   428	  6242	  6344  1444    38  1462     5  41252  41636
./http_core.c                           	     2	   300	  7633	  7693  1750     8  1761     8  49085  49349
./http_core.c                           	     2	   300	  7693	  7753  1761     8  1773     8  49349  49642
./http_core.c                           	     2	   300	  7839	  7899  1792     8  1803     8  50132  50411
./http_core.c                           	     2	   236	  7963	  8017  1817     8  1828     8  50740  50980
./http_core.c                           	     2	   236	  8017	  8071  1828     8  1839     8  50980  51212
./http_core.c                           	     2	   201	  8071	  8126  1839     8  1850     8  51212  51454
./http_core.c                           	     2	   319	  8173	  8237  1858     8  1870     5  51661  51998
./http_core.c                           	     2	   201	  8306	  8361  1885     8  1896     8  52320  52566
./http_core.c                           	     2	   201	  8361	  8416  1896     8  1909     8  52566  52832
./http_core.c                           	     2	   234	  8577	  8635  1942     8  1953     8  53742  53993
./http_core.c                           	     2	   235	  8577	  8818  1942     8  1987     8  53742  55074
./http_core.c                           	     2	   235	  8760	  9001  1976     8  2023     8  54820  56328
./http_core.c                           	     2	   234	  8943	  9001  2010     8  2023     8  55948  56328
./http_core.c                           	     2	   319	 10177	 10241  2246    10  2259     5  62046  62427
./http_core.c                           	     2	   290	 10611	 10806  2343     8  2382     5  64752  66071
./http_core.c                           	     2	   289	 10638	 10693  2345    43  2357     5  64867  65205
./http_core.c                           	     2	   290	 10724	 10919  2366     8  2406     5  65524  66907
./http_core.c                           	     2	   289	 10864	 10919  2393    43  2406     5  66526  66907
./http_core.c                           	     2	   396	  7162	  7229  1636     8  1648     5  46058  46394
./http_main.c                           	     3	   422	  1923	  1988   958     8   975     8  26873  27314
./http_main.c                           	     3	   422	  1988	  2053   975     8  1013     8  27314  28143
./http_main.c                           	     3	   246	  2947	  3013  1299     8  1307     5  35213  35494
./http_main.c                           	     3	   247	  2947	  3047  1299     8  1311     5  35213  35635
./http_main.c                           	     3	   248	  2947	  3081  1299     8  1315     5  35213  35772
./http_main.c                           	     3	   249	  2947	  3115  1299     8  1319     5  35213  35910
./http_main.c                           	     3	   250	  2947	  3149  1299     8  1323     5  35213  36052
./http_main.c                           	     3	   251	  2947	  3183  1299     8  1327     5  35213  36192
./http_main.c                           	     3	   252	  2947	  3217  1299     8  1331     5  35213  36337
./http_main.c                           	     3	   252	  2981	  3251  1303     8  1335     5  35354  36432
./http_main.c                           	     3	   251	  3015	  3251  1307     8  1335     5  35497  36432
./http_main.c                           	     3	   250	  3049	  3251  1311     8  1335     5  35638  36432
./http_main.c                           	     3	   249	  3083	  3251  1315     8  1335     5  35775  36432
./http_main.c                           	     3	   248	  3117	  3251  1319     8  1335     5  35913  36432
./http_main.c                           	     3	   247	  3151	  3251  1323     8  1335     5  36055  36432
./http_main.c                           	     3	   246	  3185	  3251  1327     8  1335     5  36195  36432
./http_main.c                           	     3	   377	  6978	  7077  2476     8  2491     8  68160  68476
./http_main.c                           	     3	   377	  7077	  7176  2491     8  2511     1  68476  68868
./http_main.c                           	     3	   283	 10392	 10450  3430     5  3437     2  94249  94523
./http_main.c                           	     3	   286	 10392	 10480  3430     5  3441     2  94249  94668
./http_main.c                           	     3	   287	 10392	 10510  3430     5  3445     2  94249  94810
./http_main.c                           	     3	   283	 10422	 10480  3433     5  3441     2  94384  94668
./http_main.c                           	     3	   287	 10422	 10540  3433     5  3448     2  94384  94936
./http_main.c                           	     3	   283	 10452	 10510  3437     5  3445     2  94526  94810
./http_main.c                           	     3	   286	 10452	 10540  3437     5  3448     2  94526  94936
./http_main.c                           	     3	   283	 10482	 10540  3441     5  3448     2  94671  94936
./http_main.c                           	     3	   283	 10551	 10609  3451     8  3458     5  94996  95274
./http_main.c                           	     3	   311	 10581	 10643  3454     8  3463     5  95130  95445
./http_main.c                           	     3	   311	 10615	 10677  3459     8  3468     5  95306  95616
./http_main.c                           	     3	   311	 10649	 10711  3464     8  3474     5  95477  95847
./http_main.c                           	     3	   283	 10735	 10793  3477     8  3482     5  95952  96193
./http_main.c                           	     3	   156	 11916	 11973  3816     8  3825     5 105741 106030
./http_main.c                           	     3	   156	 11979	 12036  3827     8  3837     5 106089 106346
./http_main.c                           	     3	   253	 12725	 12776  4046     8  4055     5 111983 112208
./http_main.c                           	     3	   253	 12845	 12896  4080     8  4089     5 112700 112925
./http_main.c                           	     3	   214	 14927	 14978  4862    12  4874    54 135606 135999
./http_main.c                           	     3	   467	 17639	 17694  5672     6  5679     2 159124 159366
./http_main.c                           	     3	   472	 17639	 17723  5672     6  5683     2 159124 159493
./http_main.c                           	     3	   467	 17668	 17723  5676     6  5683     2 159253 159493
./http_main.c                           	     3	   214	 19341	 19392  6237    12  6248    54 176110 176513
./http_main.c                           	     3	   183	 20454	 20507  6553    26  6560    36 185294 185562
./http_main.c                           	     3	   458	 20579	 20773  6577    15  6617    49 185930 187433
./http_main.c                           	     3	   183	 21326	 21379  6770    26  6777    36 191490 191754
./http_main.c                           	     3	   458	 21527	 21721  6807     8  6845    42 192738 194096
./http_main.c                           	     3	   343	 23745	 23798  7290    25  7297    51 210480 210943
./http_main.c                           	     3	   343	 23868	 23921  7312    25  7319    45 211741 212221
./http_main.c                           	     3	   467	 25065	 25120  7601     6  7608     2 220353 220595
./http_main.c                           	     3	   472	 25065	 25149  7601     6  7616     9 220353 220903
./http_main.c                           	     3	   467	 25094	 25149  7605     6  7616     9 220482 220903
./mod_proxy.c                           	     4	   396	  3705	  3772   812    13   823     5  25155  25466
./mod_proxy.c                           	     4	   174	  2134	  2318   507     8   541     8  16725  17728
./mod_proxy.c                           	     4	   376	  2166	  2313   512    25   535     5  16894  17665
./mod_proxy.c                           	     4	   369	  2929	  3005   672     8   685     8  21020  21391
./mod_proxy.c                           	     4	   370	  2929	  3081   672     8   698     8  21020  21770
./mod_proxy.c                           	     4	   370	  3005	  3157   685     8   711     8  21391  22143
./mod_proxy.c                           	     4	   369	  3081	  3157   698     8   711     8  21770  22143
./mod_proxy.c                           	     4	   134	  3157	  3236   711     8   727     8  22143  22633
./mod_proxy.c                           	     4	   134	  3236	  3315   727     8   743     8  22633  23123
./mod_proxy.c                           	     4	   174	  3315	  3499   743     8   774     8  23123  24083
./mod_proxy.c                           	     4	   376	  3347	  3494   748    25   771     5  23292  24060
./after.c                               	     5	   215	     2	   511    84    13   196     8   3514   6779
./after.c                               	     5	   177	   562	   652   206     8   220     5   7051   7440
./after.c                               	     5	   141	   705	  1107   233     8   334     1   7779  10616
./after.c                               	     5	   131	   719	  1019   236     5   285     4   7850   9069
